0.575	0.575	b 0
1.5019988412514484	1.5019988412514484	b 1
2.4289976825028967	2.4289976825028967	b 2
3.355996523754346	3.355996523754346	b 3
4.282995365005794	4.282995365005794	b 4
5.209994206257242	5.209994206257242	b 5
6.136993047508692	6.136993047508692	b 6
7.06399188876014	7.06399188876014	b 7
7.990990730011588	7.990990730011588	b 8
8.917989571263035	8.917989571263035	b 9
9.844988412514484	9.844988412514484	b 10
10.771987253765932	10.771987253765932	b 11
11.698986095017382	11.698986095017382	b 12
12.62598493626883	12.62598493626883	b 13
13.552983777520279	13.552983777520279	b 14
14.479982618771727	14.479982618771727	b 15
15.406981460023175	15.406981460023175	b 16
16.333980301274625	16.333980301274625	b 17
17.26097914252607	17.26097914252607	b 18
18.18797798377752	18.18797798377752	b 19
19.114976825028968	19.114976825028968	b 20
20.04197566628042	20.04197566628042	b 21
20.968974507531865	20.968974507531865	b 22
21.895973348783315	21.895973348783315	b 23
22.822972190034765	22.822972190034765	b 24
23.74997103128621	23.74997103128621	b 25
24.67696987253766	24.67696987253766	b 26
25.603968713789108	25.603968713789108	b 27
26.530967555040558	26.530967555040558	b 28
27.457966396292004	27.457966396292004	b 29
28.384965237543454	28.384965237543454	b 30
29.3119640787949	29.3119640787949	b 31
30.23896292004635	30.23896292004635	b 32
31.1659617612978	31.1659617612978	b 33
32.09296060254925	32.09296060254925	b 34
33.0199594438007	33.0199594438007	b 35
33.94695828505215	33.94695828505215	b 36
34.873957126303594	34.873957126303594	b 37
35.80095596755505	35.80095596755505	b 38
36.727954808806494	36.727954808806494	b 39
37.65495365005794	37.65495365005794	b 40
38.581952491309394	38.581952491309394	b 41
39.50895133256084	39.50895133256084	b 42
40.43595017381229	40.43595017381229	b 43
41.362949015063734	41.362949015063734	b 44
42.28994785631519	42.28994785631519	b 45
43.216946697566634	43.216946697566634	b 46
44.14394553881808	44.14394553881808	b 47
45.070944380069534	45.070944380069534	b 48
45.99794322132098	45.99794322132098	b 49
46.92494206257243	46.92494206257243	b 50
47.85194090382387	47.85194090382387	b 51
48.77893974507533	48.77893974507533	b 52
49.70593858632677	49.70593858632677	b 53
50.63293742757822	50.63293742757822	b 54
51.55993626882967	51.55993626882967	b 55
52.48693511008112	52.48693511008112	b 56
53.41393395133257	53.41393395133257	b 57
54.34093279258401	54.34093279258401	b 58
55.26793163383547	55.26793163383547	b 59
56.19493047508691	56.19493047508691	b 60
57.12192931633836	57.12192931633836	b 61
58.048928157589806	58.048928157589806	b 62
58.97592699884126	58.97592699884126	b 63
59.902925840092706	59.902925840092706	b 64
60.82992468134415	60.82992468134415	b 65
61.756923522595606	61.756923522595606	b 66
62.68392236384705	62.68392236384705	b 67
63.6109212050985	63.6109212050985	b 68
64.53792004634994	64.53792004634994	b 69
65.4649188876014	65.4649188876014	b 70
66.39191772885285	66.39191772885285	b 71
67.31891657010429	67.31891657010429	b 72
68.24591541135574	68.24591541135574	b 73
69.17291425260719	69.17291425260719	b 74
70.09991309385865	70.09991309385865	b 75
71.02691193511009	71.02691193511009	b 76
71.95391077636154	71.95391077636154	b 77
72.88090961761299	72.88090961761299	b 78
73.80790845886443	73.80790845886443	b 79
