3.035000	3.035000	1
3.383000	3.383000	2
3.708000	3.708000	3
4.033000	4.033000	4
4.382000	4.382000	5
4.707000	4.707000	6
5.043000	5.043000	7
5.368000	5.368000	8
5.705000	5.705000	9
6.030000	6.030000	10
6.367000	6.367000	11
6.704000	6.704000	12
7.029000	7.029000	13
7.365000	7.365000	14
7.679000	7.679000	15
8.004000	8.004000	16
8.341000	8.341000	17
8.666000	8.666000	18
8.979000	8.979000	19
9.304000	9.304000	20
9.618000	9.618000	21
9.931000	9.931000	22
10.245000	10.245000	23
10.558000	10.558000	24
10.860000	10.860000	25
11.173000	11.173000	26
11.475000	11.475000	27
11.777000	11.777000	28
12.079000	12.079000	29
12.381000	12.381000	30
12.671000	12.671000	31
12.973000	12.973000	32
13.263000	13.263000	33
13.554000	13.554000	34
13.844000	13.844000	35
14.134000	14.134000	36
14.413000	14.413000	37
14.703000	14.703000	38
14.982000	14.982000	39
15.260000	15.260000	40
15.539000	15.539000	41
15.817000	15.817000	42
16.096000	16.096000	43
16.375000	16.375000	44
16.630000	16.630000	45
16.909000	16.909000	46
17.176000	17.176000	47
17.443000	17.443000	48
17.698000	17.698000	49
17.965000	17.965000	50
18.221000	18.221000	51
18.488000	18.488000	52
18.743000	18.743000	53
18.999000	18.999000	54
19.254000	19.254000	55
19.509000	19.509000	56
19.765000	19.765000	57
20.009000	20.009000	58
20.264000	20.264000	59
20.508000	20.508000	60
20.752000	20.752000	61
20.996000	20.996000	62
21.239000	21.239000	63
21.483000	21.483000	64
21.727000	21.727000	65
21.959000	21.959000	66
22.203000	22.203000	67
22.447000	22.447000	68
22.667000	22.667000	69
22.900000	22.900000	70
23.143000	23.143000	71
23.364000	23.364000	72
23.596000	23.596000	73
23.840000	23.840000	74
24.061000	24.061000	75
24.281000	24.281000	76
24.502000	24.502000	77
24.722000	24.722000	78
24.955000	24.955000	79
25.175000	25.175000	80
25.396000	25.396000	81
25.616000	25.616000	82
25.837000	25.837000	83
26.057000	26.057000	84
26.266000	26.266000	85
26.487000	26.487000	86
26.696000	26.696000	87
26.905000	26.905000	88
27.126000	27.126000	89
27.335000	27.335000	90
27.544000	27.544000	91
27.753000	27.753000	92
27.938000	27.938000	93
28.159000	28.159000	94
28.368000	28.368000	95
28.565000	28.565000	96
28.774000	28.774000	97
28.972000	28.972000	98
29.169000	29.169000	99
29.378000	29.378000	100
29.575000	29.575000	101
29.773000	29.773000	102
29.970000	29.970000	103
30.156000	30.156000	104
30.353000	30.353000	105
30.562000	30.562000	106
30.736000	30.736000	107
30.945000	30.945000	108
31.131000	31.131000	109
31.328000	31.328000	110
31.514000	31.514000	111
31.700000	31.700000	112
31.886000	31.886000	113
32.083000	32.083000	114
32.257000	32.257000	115
32.455000	32.455000	116
32.605000	32.605000	117
32.814000	32.814000	118
33.000000	33.000000	119
33.186000	33.186000	120
33.372000	33.372000	121
33.558000	33.558000	122
33.732000	33.732000	123
33.894000	33.894000	124
34.092000	34.092000	125
34.266000	34.266000	126
34.440000	34.440000	127
34.626000	34.626000	128
34.800000	34.800000	129
34.974000	34.974000	130
35.160000	35.160000	131
35.334000	35.334000	132
35.485000	35.485000	133
35.682000	35.682000	134
35.856000	35.856000	135
36.019000	36.019000	136
36.193000	36.193000	137
36.379000	36.379000	138
36.553000	36.553000	139
36.715000	36.715000	140
36.901000	36.901000	141
37.064000	37.064000	142
37.226000	37.226000	143
37.400000	37.400000	144
37.563000	37.563000	145
37.749000	37.749000	146
37.911000	37.911000	147
38.085000	38.085000	148
38.260000	38.260000	149
38.434000	38.434000	150
38.585000	38.585000	151
38.759000	38.759000	152
38.921000	38.921000	153
39.084000	39.084000	154
39.258000	39.258000	155
39.409000	39.409000	156
39.595000	39.595000	157
39.734000	39.734000	158
39.920000	39.920000	159
40.082000	40.082000	160
40.256000	40.256000	161
40.407000	40.407000	162
40.593000	40.593000	163
40.744000	40.744000	164
40.907000	40.907000	165
41.092000	41.092000	166
41.255000	41.255000	167
41.406000	41.406000	168
41.580000	41.580000	169
41.754000	41.754000	170
41.893000	41.893000	171
42.091000	42.091000	172
42.253000	42.253000	173
42.404000	42.404000	174
42.567000	42.567000	175
42.729000	42.729000	176
42.915000	42.915000	177
43.078000	43.078000	178
43.229000	43.229000	179
43.426000	43.426000	180
43.577000	43.577000	181
43.728000	43.728000	182
43.902000	43.902000	183
44.076000	44.076000	184
44.239000	44.239000	185
44.378000	44.378000	186
44.541000	44.541000	187
44.728000	44.728000	188
44.889000	44.889000	189
45.057000	45.057000	190
45.237000	45.237000	191
45.389000	45.389000	192
45.539000	45.539000	193
45.736000	45.736000	194
45.887000	45.887000	195
46.061000	46.061000	196
46.224000	46.224000	197
46.375000	46.375000	198
46.526000	46.526000	199
46.712000	46.712000	200
46.874000	46.874000	201
47.037000	47.037000	202
47.199000	47.199000	203
47.373000	47.373000	204
47.536000	47.536000	205
47.710000	47.710000	206
47.873000	47.873000	207
48.024000	48.024000	208
48.209000	48.209000	209
48.360000	48.360000	210
48.523000	48.523000	211
48.709000	48.709000	212
48.848000	48.848000	213
49.022000	49.022000	214
49.185000	49.185000	215
49.347000	49.347000	216
49.521000	49.521000	217
49.707000	49.707000	218
49.846000	49.846000	219
50.020000	50.020000	220
50.183000	50.183000	221
50.346000	50.346000	222
50.496000	50.496000	223
50.682000	50.682000	224
50.845000	50.845000	225
51.019000	51.019000	226
51.170000	51.170000	227
51.344000	51.344000	228
51.495000	51.495000	229
51.669000	51.669000	230
51.832000	51.832000	231
51.994000	51.994000	232
52.157000	52.157000	233
52.331000	52.331000	234
52.493000	52.493000	235
52.668000	52.668000	236
52.830000	52.830000	237
52.993000	52.993000	238
53.167000	53.167000	239
53.318000	53.318000	240
53.480000	53.480000	241
53.643000	53.643000	242
53.817000	53.817000	243
53.979000	53.979000	244
54.154000	54.154000	245
54.305000	54.305000	246
54.479000	54.479000	247
54.653000	54.653000	248
54.804000	54.804000	249
54.990000	54.990000	250
55.140000	55.140000	251
55.303000	55.303000	252
55.466000	55.466000	253
55.628000	55.628000	254
55.791000	55.791000	255
55.953000	55.953000	256
56.127000	56.127000	257
56.301000	56.301000	258
56.452000	56.452000	259
56.627000	56.627000	260
56.777000	56.777000	261
56.952000	56.952000	262
57.115000	57.115000	263
57.277000	57.277000	264
57.439000	57.439000	265
57.613000	57.613000	266
57.776000	57.776000	267
57.938000	57.938000	268
58.124000	58.124000	269
58.275000	58.275000	270
58.426000	58.426000	271
58.600000	58.600000	272
58.763000	58.763000	273
58.902000	58.902000	274
59.085000	59.085000	275
59.239000	59.239000	276
59.413000	59.413000	277
59.587000	59.587000	278
59.761000	59.761000	279
59.912000	59.912000	280
60.081000	60.081000	281
60.249000	60.249000	282
60.411000	60.411000	283
60.562000	60.562000	284
60.748000	60.748000	285
60.911000	60.911000	286
61.083000	61.083000	287
61.247000	61.247000	288
61.398000	61.398000	289
61.572000	61.572000	290
61.723000	61.723000	291
61.897000	61.897000	292
62.064000	62.064000	293
62.223000	62.223000	294
62.400000	62.400000	295
62.559000	62.559000	296
62.722000	62.722000	297
62.896000	62.896000	298
63.057000	63.057000	299
63.221000	63.221000	300
63.384000	63.384000	301
63.552000	63.552000	302
63.709000	63.709000	303
63.883000	63.883000	304
64.044000	64.044000	305
64.208000	64.208000	306
64.382000	64.382000	307
64.545000	64.545000	308
64.719000	64.719000	309
64.870000	64.870000	310
65.042000	65.042000	311
65.201000	65.201000	312
65.380000	65.380000	313
65.543000	65.543000	314
65.708000	65.708000	315
65.868000	65.868000	316
66.022000	66.022000	317
66.193000	66.193000	318
66.367000	66.367000	319
66.518000	66.518000	320
66.692000	66.692000	321
66.867000	66.867000	322
67.022000	67.022000	323
67.192000	67.192000	324
67.343000	67.343000	325
67.528000	67.528000	326
67.691000	67.691000	327
67.853000	67.853000	328
68.016000	68.016000	329
68.178000	68.178000	330
68.340000	68.340000	331
68.515000	68.515000	332
68.693000	68.693000	333
68.855000	68.855000	334
69.006000	69.006000	335
69.168000	69.168000	336
69.336000	69.336000	337
69.514000	69.514000	338
69.676000	69.676000	339
69.827000	69.827000	340
69.990000	69.990000	341
70.164000	70.164000	342
70.338000	70.338000	343
70.489000	70.489000	344
70.663000	70.663000	345
70.837000	70.837000	346
70.965000	70.965000	347
71.162000	71.162000	348
71.325000	71.325000	349
71.499000	71.499000	350
71.661000	71.661000	351
71.940000	71.940000	352
72.139000	72.139000	353
72.300000	72.300000	354
72.497000	72.497000	355
72.660000	72.660000	356
72.822000	72.822000	357
72.950000	72.950000	358
73.310000	73.310000	359
73.484000	73.484000	360
73.713000	73.713000	361
74.018000	74.018000	362
74.483000	74.483000	363
74.970000	74.970000	364
75.319000	75.319000	365
75.899000	75.899000	366
76.538000	76.538000	367
76.990000	76.990000	368
77.757000	77.757000	369
78.593000	78.593000	370
79.185000	79.185000	371
79.603000	79.603000	372
80.114000	80.114000	373
81.066000	81.066000	374
81.702000	81.702000	375
82.656000	82.656000	376
83.585000	83.585000	377
84.142000	84.142000	378
84.908000	84.908000	379
85.605000	85.605000	380
86.011000	86.011000	381
86.592000	86.592000	382
87.091000	87.091000	383
87.393000	87.393000	384
87.811000	87.811000	385
88.182000	88.182000	386
88.438000	88.438000	387
88.809000	88.809000	388
89.177000	89.177000	389
89.285000	89.285000	390
89.427000	89.427000	391
89.796000	89.796000	392
90.175000	90.175000	393
90.295000	90.295000	394
90.415000	90.415000	395
90.783000	90.783000	396
91.177000	91.177000	397
91.288000	91.288000	398
91.412000	91.412000	399
91.770000	91.770000	400
92.159000	92.159000	401
92.281000	92.281000	402
92.400000	92.400000	403
92.757000	92.757000	404
93.152000	93.152000	405
93.256000	93.256000	406
93.384000	93.384000	407
93.767000	93.767000	408
94.138000	94.138000	409
94.254000	94.254000	410
94.371000	94.371000	411
94.747000	94.747000	412
95.125000	95.125000	413
95.241000	95.241000	414
95.374000	95.374000	415
95.741000	95.741000	416
96.112000	96.112000	417
96.251000	96.251000	418
96.365000	96.365000	419
96.739000	96.739000	420
97.114000	97.114000	421
97.238000	97.238000	422
97.354000	97.354000	423
97.726000	97.726000	424
98.100000	98.100000	425
98.225000	98.225000	426
98.352000	98.352000	427
98.481000	98.481000	428
98.724000	98.724000	429
99.096000	99.096000	430
99.224000	99.224000	431
99.328000	99.328000	432
99.711000	99.711000	433
100.083000	100.083000	434
100.199000	100.199000	435
100.326000	100.326000	436
100.698000	100.698000	437
101.081000	101.081000	438
101.197000	101.197000	439
101.325000	101.325000	440
101.696000	101.696000	441
102.068000	102.068000	442
102.196000	102.196000	443
102.312000	102.312000	444
102.684000	102.684000	445
103.056000	103.056000	446
103.183000	103.183000	447
103.312000	103.312000	448
103.682000	103.682000	449
104.053000	104.053000	450
104.181000	104.181000	451
104.297000	104.297000	452
104.425000	104.425000	453
104.553000	104.553000	454
104.680000	104.680000	455
104.808000	104.808000	456
104.922000	104.922000	457
105.052000	105.052000	458
105.165000	105.165000	459
105.296000	105.296000	460
105.418000	105.418000	461
105.563000	105.563000	462
105.667000	105.667000	463
105.795000	105.795000	464
105.911000	105.911000	465
106.039000	106.039000	466
106.155000	106.155000	467
106.282000	106.282000	468
106.408000	106.408000	469
106.549000	106.549000	470
106.661000	106.661000	471
106.791000	106.791000	472
106.909000	106.909000	473
107.037000	107.037000	474
107.153000	107.153000	475
107.281000	107.281000	476
107.403000	107.403000	477
107.543000	107.543000	478
107.652000	107.652000	479
107.792000	107.792000	480
107.896000	107.896000	481
108.024000	108.024000	482
108.152000	108.152000	483
108.270000	108.270000	484
108.397000	108.397000	485
108.535000	108.535000	486
108.649000	108.649000	487
108.779000	108.779000	488
108.895000	108.895000	489
109.011000	109.011000	490
109.138000	109.138000	491
109.260000	109.260000	492
109.381000	109.381000	493
109.522000	109.522000	494
109.635000	109.635000	495
109.777000	109.777000	496
109.882000	109.882000	497
110.009000	110.009000	498
110.125000	110.125000	499
110.250000	110.250000	500
110.378000	110.378000	501
110.520000	110.520000	502
110.628000	110.628000	503
110.764000	110.764000	504
110.880000	110.880000	505
110.996000	110.996000	506
111.117000	111.117000	507
111.240000	111.240000	508
111.368000	111.368000	509
111.495000	111.495000	510
111.623000	111.623000	511
111.751000	111.751000	512
111.863000	111.863000	513
111.995000	111.995000	514
112.111000	112.111000	515
112.237000	112.237000	516
112.366000	112.366000	517
112.505000	112.505000	518
112.610000	112.610000	519
112.738000	112.738000	520
112.858000	112.858000	521
112.981000	112.981000	522
113.109000	113.109000	523
113.227000	113.227000	524
113.348000	113.348000	525
113.492000	113.492000	526
113.604000	113.604000	527
113.733000	113.733000	528
113.852000	113.852000	529
113.980000	113.980000	530
114.096000	114.096000	531
114.212000	114.212000	532
114.340000	114.340000	533
114.491000	114.491000	534
114.596000	114.596000	535
114.723000	114.723000	536
114.839000	114.839000	537
114.967000	114.967000	538
115.083000	115.083000	539
115.210000	115.210000	540
115.338000	115.338000	541
115.466000	115.466000	542
115.583000	115.583000	543
115.721000	115.721000	544
115.826000	115.826000	545
115.954000	115.954000	546
116.070000	116.070000	547
116.197000	116.197000	548
116.325000	116.325000	549
116.464000	116.464000	550
116.580000	116.580000	551
116.720000	116.720000	552
116.836000	116.836000	553
116.952000	116.952000	554
117.070000	117.070000	555
117.201000	117.201000	556
117.321000	117.321000	557
117.457000	117.457000	558
117.567000	117.567000	559
117.707000	117.707000	560
117.816000	117.816000	561
117.950000	117.950000	562
118.067000	118.067000	563
118.189000	118.189000	564
118.308000	118.308000	565
118.448000	118.448000	566
118.562000	118.562000	567
118.717000	118.717000	568
118.812000	118.812000	569
118.937000	118.937000	570
119.053000	119.053000	571
119.178000	119.178000	572
119.300000	119.300000	573
119.448000	119.448000	574
119.553000	119.553000	575
119.727000	119.727000	576
119.919000	119.919000	577
120.168000	120.168000	578
120.305000	120.305000	579
120.542000	120.542000	580
120.690000	120.690000	581
120.795000	120.795000	582
120.923000	120.923000	583
121.036000	121.036000	584
121.165000	121.165000	585
121.282000	121.282000	586
121.426000	121.426000	587
121.537000	121.537000	588
121.669000	121.669000	589
121.782000	121.782000	590
121.909000	121.909000	591
122.034000	122.034000	592
122.158000	122.158000	593
122.282000	122.282000	594
122.412000	122.412000	595
122.523000	122.523000	596
122.664000	122.664000	597
122.769000	122.769000	598
122.896000	122.896000	599
123.029000	123.029000	600
123.140000	123.140000	601
123.272000	123.272000	602
123.415000	123.415000	603
123.521000	123.521000	604
123.628000	123.628000	605
123.767000	123.767000	606
123.895000	123.895000	607
124.011000	124.011000	608
124.150000	124.150000	609
124.255000	124.255000	610
124.406000	124.406000	611
124.510000	124.510000	612
124.654000	124.654000	613
124.754000	124.754000	614
124.893000	124.893000	615
125.004000	125.004000	616
125.130000	125.130000	617
125.253000	125.253000	618
125.392000	125.392000	619
125.497000	125.497000	620
125.636000	125.636000	621
125.741000	125.741000	622
125.880000	125.880000	623
125.996000	125.996000	624
126.112000	126.112000	625
126.240000	126.240000	626
126.391000	126.391000	627
126.496000	126.496000	628
126.635000	126.635000	629
126.739000	126.739000	630
126.867000	126.867000	631
126.983000	126.983000	632
127.111000	127.111000	633
127.238000	127.238000	634
127.378000	127.378000	635
127.488000	127.488000	636
127.616000	127.616000	637
127.726000	127.726000	638
127.854000	127.854000	639
127.970000	127.970000	640
128.100000	128.100000	641
128.225000	128.225000	642
128.365000	128.365000	643
128.476000	128.476000	644
128.608000	128.608000	645
128.724000	128.724000	646
128.841000	128.841000	647
128.968000	128.968000	648
129.095000	129.095000	649
129.215000	129.215000	650
129.375000	129.375000	651
129.478000	129.478000	652
129.609000	129.609000	653
129.711000	129.711000	654
129.851000	129.851000	655
129.955000	129.955000	656
130.083000	130.083000	657
130.211000	130.211000	658
130.338000	130.338000	659
130.454000	130.454000	660
130.602000	130.602000	661
130.710000	130.710000	662
130.836000	130.836000	663
130.949000	130.949000	664
131.086000	131.086000	665
131.197000	131.197000	666
131.325000	131.325000	667
131.453000	131.453000	668
131.581000	131.581000	669
131.704000	131.704000	670
131.824000	131.824000	671
131.940000	131.940000	672
132.075000	132.075000	673
132.197000	132.197000	674
132.335000	132.335000	675
132.451000	132.451000	676
132.591000	132.591000	677
132.701000	132.701000	678
132.827000	132.827000	679
132.935000	132.935000	680
133.062000	133.062000	681
133.183000	133.183000	682
133.322000	133.322000	683
133.438000	133.438000	684
133.577000	133.577000	685
133.692000	133.692000	686
133.810000	133.810000	687
133.926000	133.926000	688
134.059000	134.059000	689
134.182000	134.182000	690
134.321000	134.321000	691
134.425000	134.425000	692
134.551000	134.551000	693
134.673000	134.673000	694
134.797000	134.797000	695
134.924000	134.924000	696
135.040000	135.040000	697
135.176000	135.176000	698
135.296000	135.296000	699
135.422000	135.422000	700
135.563000	135.563000	701
135.667000	135.667000	702
135.795000	135.795000	703
135.911000	135.911000	704
136.027000	136.027000	705
136.155000	136.155000	706
136.294000	136.294000	707
136.410000	136.410000	708
136.550000	136.550000	709
136.665000	136.665000	710
136.782000	136.782000	711
136.909000	136.909000	712
137.032000	137.032000	713
137.142000	137.142000	714
137.293000	137.293000	715
137.404000	137.404000	716
137.529000	137.529000	717
137.641000	137.641000	718
137.780000	137.780000	719
137.896000	137.896000	720
138.027000	138.027000	721
138.152000	138.152000	722
138.280000	138.280000	723
138.398000	138.398000	724
138.547000	138.547000	725
138.653000	138.653000	726
138.767000	138.767000	727
138.891000	138.891000	728
139.011000	139.011000	729
139.136000	139.136000	730
139.278000	139.278000	731
139.389000	139.389000	732
139.522000	139.522000	733
139.630000	139.630000	734
139.774000	139.774000	735
139.893000	139.893000	736
139.998000	139.998000	737
140.125000	140.125000	738
140.253000	140.253000	739
140.381000	140.381000	740
140.520000	140.520000	741
140.625000	140.625000	742
140.761000	140.761000	743
140.876000	140.876000	744
141.009000	141.009000	745
141.124000	141.124000	746
141.252000	141.252000	747
141.372000	141.372000	748
141.530000	141.530000	749
141.628000	141.628000	750
141.751000	141.751000	751
141.867000	141.867000	752
141.986000	141.986000	753
142.111000	142.111000	754
142.250000	142.250000	755
142.355000	142.355000	756
142.459000	142.459000	757
142.610000	142.610000	758
142.738000	142.738000	759
142.857000	142.857000	760
142.982000	142.982000	761
143.098000	143.098000	762
143.237000	143.237000	763
143.366000	143.366000	764
143.481000	143.481000	765
143.585000	143.585000	766
143.736000	143.736000	767
143.850000	143.850000	768
143.968000	143.968000	769
144.084000	144.084000	770
144.224000	144.224000	771
144.340000	144.340000	772
144.468000	144.468000	773
144.607000	144.607000	774
144.711000	144.711000	775
144.828000	144.828000	776
144.961000	144.961000	777
145.087000	145.087000	778
145.211000	145.211000	779
145.338000	145.338000	780
145.469000	145.469000	781
145.589000	145.589000	782
145.710000	145.710000	783
145.838000	145.838000	784
145.942000	145.942000	785
146.081000	146.081000	786
146.221000	146.221000	787
146.325000	146.325000	788
146.476000	146.476000	789
146.585000	146.585000	790
146.708000	146.708000	791
146.824000	146.824000	792
146.941000	146.941000	793
147.080000	147.080000	794
147.184000	147.184000	795
147.312000	147.312000	796
147.451000	147.451000	797
147.579000	147.579000	798
147.695000	147.695000	799
147.811000	147.811000	800
147.927000	147.927000	801
148.067000	148.067000	802
148.171000	148.171000	803
148.311000	148.311000	804
148.452000	148.452000	805
148.566000	148.566000	806
148.694000	148.694000	807
148.798000	148.798000	808
148.914000	148.914000	809
149.042000	149.042000	810
149.181000	149.181000	811
149.309000	149.309000	812
149.448000	149.448000	813
149.558000	149.558000	814
149.681000	149.681000	815
149.797000	149.797000	816
149.913000	149.913000	817
150.052000	150.052000	818
150.180000	150.180000	819
150.284000	150.284000	820
150.442000	150.442000	821
150.551000	150.551000	822
150.667000	150.667000	823
150.783000	150.783000	824
150.923000	150.923000	825
151.039000	151.039000	826
151.294000	151.294000	827
151.538000	151.538000	828
151.677000	151.677000	829
151.782000	151.782000	830
151.898000	151.898000	831
152.026000	152.026000	832
152.384000	152.384000	833
158.016000	158.016000	834
159.247000	159.247000	835
159.630000	159.630000	836
160.037000	160.037000	837
160.443000	160.443000	838
160.826000	160.826000	839
161.209000	161.209000	840
161.592000	161.592000	841
161.964000	161.964000	842
162.347000	162.347000	843
162.707000	162.707000	844
163.067000	163.067000	845
163.427000	163.427000	846
163.775000	163.775000	847
164.123000	164.123000	848
164.460000	164.460000	849
164.808000	164.808000	850
165.133000	165.133000	851
165.458000	165.458000	852
165.784000	165.784000	853
166.097000	166.097000	854
166.410000	166.410000	855
166.724000	166.724000	856
167.014000	167.014000	857
167.316000	167.316000	858
167.606000	167.606000	859
167.885000	167.885000	860
168.164000	168.164000	861
168.442000	168.442000	862
168.698000	168.698000	863
168.976000	168.976000	864
169.232000	169.232000	865
169.476000	169.476000	866
169.731000	169.731000	867
169.963000	169.963000	868
170.207000	170.207000	869
170.439000	170.439000	870
170.683000	170.683000	871
170.915000	170.915000	872
171.124000	171.124000	873
171.356000	171.356000	874
171.574000	171.574000	875
171.774000	171.774000	876
171.995000	171.995000	877
172.192000	172.192000	878
172.390000	172.390000	879
172.587000	172.587000	880
172.784000	172.784000	881
172.982000	172.982000	882
173.167000	173.167000	883
173.365000	173.365000	884
173.539000	173.539000	885
173.736000	173.736000	886
173.887000	173.887000	887
174.085000	174.085000	888
174.259000	174.259000	889
174.433000	174.433000	890
174.596000	174.596000	891
174.770000	174.770000	892
174.932000	174.932000	893
175.095000	175.095000	894
175.257000	175.257000	895
175.420000	175.420000	896
175.582000	175.582000	897
175.768000	175.768000	898
175.919000	175.919000	899
176.082000	176.082000	900
176.256000	176.256000	901
176.418000	176.418000	902
176.569000	176.569000	903
176.720000	176.720000	904
176.918000	176.918000	905
177.080000	177.080000	906
177.254000	177.254000	907
177.405000	177.405000	908
177.579000	177.579000	909
177.695000	177.695000	910
177.811000	177.811000	911
178.067000	178.067000	912
178.195000	178.195000	913
178.311000	178.311000	914
178.555000	178.555000	915
178.694000	178.694000	916
178.798000	178.798000	917
178.903000	178.903000	918
179.054000	179.054000	919
179.193000	179.193000	920
179.309000	179.309000	921
179.448000	179.448000	922
179.553000	179.553000	923
179.681000	179.681000	924
179.797000	179.797000	925
179.936000	179.936000	926
180.540000	180.540000	927
180.712000	180.712000	928
180.885000	180.885000	929
181.039000	181.039000	930
181.155000	181.155000	931
181.294000	181.294000	932
181.434000	181.434000	933
181.546000	181.546000	934
181.666000	181.666000	935
181.770000	181.770000	936
181.921000	181.921000	937
182.026000	182.026000	938
182.154000	182.154000	939
182.281000	182.281000	940
182.378000	182.378000	941
182.524000	182.524000	942
182.689000	182.689000	943
182.780000	182.780000	944
182.920000	182.920000	945
183.029000	183.029000	946
183.152000	183.152000	947
183.268000	183.268000	948
183.522000	183.522000	949
183.683000	183.683000	950
183.867000	183.867000	951
184.024000	184.024000	952
184.151000	184.151000	953
184.255000	184.255000	954
184.406000	184.406000	955
184.530000	184.530000	956
184.650000	184.650000	957
184.754000	184.754000	958
184.998000	184.998000	959
185.149000	185.149000	960
185.280000	185.280000	961
185.497000	185.497000	962
185.637000	185.637000	963
185.741000	185.741000	964
185.892000	185.892000	965
186.006000	186.006000	966
186.101000	186.101000	967
186.240000	186.240000	968
186.391000	186.391000	969
186.500000	186.500000	970
186.623000	186.623000	971
186.740000	186.740000	972
186.896000	186.896000	973
186.994000	186.994000	974
187.111000	187.111000	975
187.239000	187.239000	976
187.375000	187.375000	977
187.491000	187.491000	978
187.640000	187.640000	979
187.736000	187.736000	980
187.877000	187.877000	981
187.990000	187.990000	982
188.118000	188.118000	983
188.231000	188.231000	984
188.377000	188.377000	985
188.494000	188.494000	986
188.609000	188.609000	987
188.729000	188.729000	988
188.874000	188.874000	989
188.976000	188.976000	990
189.108000	189.108000	991
189.224000	189.224000	992
189.363000	189.363000	993
189.478000	189.478000	994
189.606000	189.606000	995
189.722000	189.722000	996
189.863000	189.863000	997
189.979000	189.979000	998
190.106000	190.106000	999
190.211000	190.211000	1000
190.356000	190.356000	1001
190.466000	190.466000	1002
190.601000	190.601000	1003
190.710000	190.710000	1004
190.849000	190.849000	1005
190.954000	190.954000	1006
191.093000	191.093000	1007
191.198000	191.198000	1008
191.349000	191.349000	1009
191.464000	191.464000	1010
191.581000	191.581000	1011
191.697000	191.697000	1012
191.848000	191.848000	1013
191.954000	191.954000	1014
192.080000	192.080000	1015
192.196000	192.196000	1016
192.336000	192.336000	1017
192.440000	192.440000	1018
192.591000	192.591000	1019
192.777000	192.777000	1020
192.928000	192.928000	1021
193.055000	193.055000	1022
193.192000	193.192000	1023
193.334000	193.334000	1024
193.449000	193.449000	1025
193.555000	193.555000	1026
193.682000	193.682000	1027
193.822000	193.822000	1028
193.939000	193.939000	1029
194.065000	194.065000	1030
194.170000	194.170000	1031
194.321000	194.321000	1032
194.431000	194.431000	1033
194.565000	194.565000	1034
194.677000	194.677000	1035
194.820000	194.820000	1036
194.925000	194.925000	1037
195.052000	195.052000	1038
195.168000	195.168000	1039
195.319000	195.319000	1040
195.428000	195.428000	1041
195.598000	195.598000	1042
195.749000	195.749000	1043
195.911000	195.911000	1044
196.039000	196.039000	1045
196.260000	196.260000	1046
196.399000	196.399000	1047
196.585000	196.585000	1048
196.747000	196.747000	1049
196.906000	196.906000	1050
197.084000	197.084000	1051
197.247000	197.247000	1052
197.400000	197.400000	1053
197.583000	197.583000	1054
197.734000	197.734000	1055
197.897000	197.897000	1056
198.036000	198.036000	1057
198.141000	198.141000	1058
198.291000	198.291000	1059
198.404000	198.404000	1060
198.533000	198.533000	1061
198.639000	198.639000	1062
198.779000	198.779000	1063
198.884000	198.884000	1064
199.046000	199.046000	1065
199.147000	199.147000	1066
199.278000	199.278000	1067
199.383000	199.383000	1068
199.522000	199.522000	1069
199.635000	199.635000	1070
199.778000	199.778000	1071
199.893000	199.893000	1072
200.020000	200.020000	1073
200.130000	200.130000	1074
200.277000	200.277000	1075
200.396000	200.396000	1076
200.521000	200.521000	1077
200.625000	200.625000	1078
200.770000	200.770000	1079
200.874000	200.874000	1080
201.012000	201.012000	1081
201.124000	201.124000	1082
201.264000	201.264000	1083
201.378000	201.378000	1084
201.496000	201.496000	1085
201.627000	201.627000	1086
201.763000	201.763000	1087
201.878000	201.878000	1088
201.995000	201.995000	1089
202.114000	202.114000	1090
202.262000	202.262000	1091
202.374000	202.374000	1092
202.506000	202.506000	1093
202.623000	202.623000	1094
202.750000	202.750000	1095
202.861000	202.861000	1096
203.000000	203.000000	1097
203.111000	203.111000	1098
203.249000	203.249000	1099
203.353000	203.353000	1100
203.481000	203.481000	1101
203.597000	203.597000	1102
203.748000	203.748000	1103
203.863000	203.863000	1104
203.992000	203.992000	1105
204.103000	204.103000	1106
204.236000	204.236000	1107
204.340000	204.340000	1108
204.480000	204.480000	1109
204.584000	204.584000	1110
204.735000	204.735000	1111
204.847000	204.847000	1112
204.956000	204.956000	1113
205.083000	205.083000	1114
205.234000	205.234000	1115
205.346000	205.346000	1116
205.455000	205.455000	1117
205.583000	205.583000	1118
205.722000	205.722000	1119
205.826000	205.826000	1120
205.954000	205.954000	1121
206.082000	206.082000	1122
206.221000	206.221000	1123
206.326000	206.326000	1124
206.453000	206.453000	1125
206.569000	206.569000	1126
206.709000	206.709000	1127
206.813000	206.813000	1128
206.941000	206.941000	1129
207.069000	207.069000	1130
207.208000	207.208000	1131
207.312000	207.312000	1132
207.440000	207.440000	1133
207.568000	207.568000	1134
207.707000	207.707000	1135
207.812000	207.812000	1136
207.939000	207.939000	1137
208.055000	208.055000	1138
208.195000	208.195000	1139
208.311000	208.311000	1140
208.439000	208.439000	1141
208.566000	208.566000	1142
208.694000	208.694000	1143
208.799000	208.799000	1144
208.926000	208.926000	1145
209.054000	209.054000	1146
209.193000	209.193000	1147
209.298000	209.298000	1148
209.425000	209.425000	1149
209.553000	209.553000	1150
209.692000	209.692000	1151
209.797000	209.797000	1152
209.925000	209.925000	1153
210.052000	210.052000	1154
210.180000	210.180000	1155
210.296000	210.296000	1156
210.424000	210.424000	1157
210.540000	210.540000	1158
210.679000	210.679000	1159
210.784000	210.784000	1160
210.923000	210.923000	1161
211.039000	211.039000	1162
211.179000	211.179000	1163
211.283000	211.283000	1164
211.411000	211.411000	1165
211.527000	211.527000	1166
211.666000	211.666000	1167
211.782000	211.782000	1168
211.898000	211.898000	1169
212.026000	212.026000	1170
212.165000	212.165000	1171
212.282000	212.282000	1172
212.525000	212.525000	1173
212.653000	212.653000	1174
212.780000	212.780000	1175
212.903000	212.903000	1176
213.025000	213.025000	1177
213.174000	213.174000	1178
213.283000	213.283000	1179
213.407000	213.407000	1180
213.524000	213.524000	1181
213.651000	213.651000	1182
213.776000	213.776000	1183
213.884000	213.884000	1184
214.011000	214.011000	1185
214.151000	214.151000	1186
214.267000	214.267000	1187
214.421000	214.421000	1188
214.521000	214.521000	1189
214.638000	214.638000	1190
214.759000	214.759000	1191
214.894000	214.894000	1192
215.013000	215.013000	1193
215.149000	215.149000	1194
215.263000	215.263000	1195
215.381000	215.381000	1196
215.508000	215.508000	1197
215.621000	215.621000	1198
215.757000	215.757000	1199
215.869000	215.869000	1200
216.004000	216.004000	1201
216.144000	216.144000	1202
216.250000	216.250000	1203
216.380000	216.380000	1204
216.500000	216.500000	1205
216.624000	216.624000	1206
216.748000	216.748000	1207
216.872000	216.872000	1208
217.000000	217.000000	1209
217.134000	217.134000	1210
217.248000	217.248000	1211
217.406000	217.406000	1212
217.498000	217.498000	1213
217.624000	217.624000	1214
217.737000	217.737000	1215
217.874000	217.874000	1216
217.989000	217.989000	1217
218.141000	218.141000	1218
218.236000	218.236000	1219
218.365000	218.365000	1220
218.481000	218.481000	1221
218.609000	218.609000	1222
218.724000	218.724000	1223
218.864000	218.864000	1224
218.978000	218.978000	1225
219.120000	219.120000	1226
219.468000	219.468000	1227
219.596000	219.596000	1228
219.700000	219.700000	1229
219.840000	219.840000	1230
219.967000	219.967000	1231
220.107000	220.107000	1232
220.211000	220.211000	1233
220.339000	220.339000	1234
220.455000	220.455000	1235
220.594000	220.594000	1236
220.699000	220.699000	1237
220.815000	220.815000	1238
220.954000	220.954000	1239
221.093000	221.093000	1240
221.198000	221.198000	1241
221.442000	221.442000	1242
221.581000	221.581000	1243
221.697000	221.697000	1244
221.802000	221.802000	1245
221.929000	221.929000	1246
222.185000	222.185000	1247
222.336000	222.336000	1248
222.580000	222.580000	1249
222.684000	222.684000	1250
222.800000	222.800000	1251
222.928000	222.928000	1252
223.079000	223.079000	1253
223.427000	223.427000	1254
223.566000	223.566000	1255
223.682000	223.682000	1256
223.799000	223.799000	1257
223.926000	223.926000	1258
224.066000	224.066000	1259
224.170000	224.170000	1260
224.414000	224.414000	1261
224.565000	224.565000	1262
224.785000	224.785000	1263
224.913000	224.913000	1264
225.064000	225.064000	1265
225.331000	225.331000	1266
225.517000	225.517000	1267
225.656000	225.656000	1268
225.784000	225.784000	1269
225.912000	225.912000	1270
226.132000	226.132000	1271
226.306000	226.306000	1272
226.539000	226.539000	1273
226.643000	226.643000	1274
226.771000	226.771000	1275
226.898000	226.898000	1276
227.154000	227.154000	1277
227.293000	227.293000	1278
227.398000	227.398000	1279
227.537000	227.537000	1280
227.642000	227.642000	1281
227.769000	227.769000	1282
227.885000	227.885000	1283
228.036000	228.036000	1284
228.152000	228.152000	1285
228.385000	228.385000	1286
228.524000	228.524000	1287
228.756000	228.756000	1288
228.884000	228.884000	1289
229.035000	229.035000	1290
229.267000	229.267000	1291
229.371000	229.371000	1292
229.511000	229.511000	1293
229.755000	229.755000	1294
229.871000	229.871000	1295
230.022000	230.022000	1296
230.126000	230.126000	1297
230.312000	230.312000	1298
230.474000	230.474000	1299
230.614000	230.614000	1300
230.741000	230.741000	1301
230.869000	230.869000	1302
231.020000	231.020000	1303
231.357000	231.357000	1304
231.496000	231.496000	1305
231.601000	231.601000	1306
231.728000	231.728000	1307
231.868000	231.868000	1308
232.007000	232.007000	1309
232.111000	232.111000	1310
232.355000	232.355000	1311
232.494000	232.494000	1312
232.599000	232.599000	1313
232.727000	232.727000	1314
232.854000	232.854000	1315
232.994000	232.994000	1316
233.098000	233.098000	1317
233.342000	233.342000	1318
233.481000	233.481000	1319
233.597000	233.597000	1320
233.725000	233.725000	1321
233.841000	233.841000	1322
233.981000	233.981000	1323
234.085000	234.085000	1324
234.282000	234.282000	1325
234.468000	234.468000	1326
234.584000	234.584000	1327
234.700000	234.700000	1328
234.828000	234.828000	1329
234.979000	234.979000	1330
235.083000	235.083000	1331
235.223000	235.223000	1332
235.467000	235.467000	1333
235.699000	235.699000	1334
235.827000	235.827000	1335
235.966000	235.966000	1336
236.082000	236.082000	1337
236.314000	236.314000	1338
236.453000	236.453000	1339
236.558000	236.558000	1340
236.686000	236.686000	1341
236.825000	236.825000	1342
236.953000	236.953000	1343
237.069000	237.069000	1344
237.208000	237.208000	1345
237.313000	237.313000	1346
237.452000	237.452000	1347
237.556000	237.556000	1348
237.684000	237.684000	1349
237.800000	237.800000	1350
237.951000	237.951000	1351
238.056000	238.056000	1352
238.207000	238.207000	1353
238.450000	238.450000	1354
238.555000	238.555000	1355
238.694000	238.694000	1356
238.799000	238.799000	1357
238.938000	238.938000	1358
239.042000	239.042000	1359
239.205000	239.205000	1360
239.437000	239.437000	1361
239.542000	239.542000	1362
239.681000	239.681000	1363
239.797000	239.797000	1364
239.925000	239.925000	1365
240.053000	240.053000	1366
240.157000	240.157000	1367
240.296000	240.296000	1368
240.529000	240.529000	1369
240.680000	240.680000	1370
240.796000	240.796000	1371
240.923000	240.923000	1372
241.039000	241.039000	1373
241.190000	241.190000	1374
241.423000	241.423000	1375
241.539000	241.539000	1376
241.643000	241.643000	1377
241.782000	241.782000	1378
241.922000	241.922000	1379
242.258000	242.258000	1380
242.409000	242.409000	1381
242.525000	242.525000	1382
242.642000	242.642000	1383
242.769000	242.769000	1384
242.920000	242.920000	1385
243.176000	243.176000	1386
243.396000	243.396000	1387
243.512000	243.512000	1388
243.628000	243.628000	1389
243.768000	243.768000	1390
243.907000	243.907000	1391
244.348000	244.348000	1392
